{
 "cells": [
  {
   "cell_type": "code",
   "execution_count": 1,
   "metadata": {},
   "outputs": [],
   "source": [
    "# 필요한 기본 패키지 준비\n",
    "\n",
    "# 데이터 처리 필요 패키지\n",
    "import numpy as np\n",
    "import pandas as pd\n",
    "import datetime as dt\n",
    "\n",
    "# 시각화 필요 패키지\n",
    "%matplotlib inline\n",
    "from plotnine import *\n",
    "import folium\n",
    "import matplotlib\n",
    "import matplotlib.pyplot as plt\n",
    "from matplotlib import rc, font_manager\n",
    "import seaborn as sns\n",
    "\n",
    "# Machine Learning 분석 환경 준비\n",
    "\n",
    "# 전처리, 스케일링\n",
    "from sklearn.preprocessing import StandardScaler\n",
    "\n",
    "# 선형회귀분석\n",
    "from sklearn.linear_model import LinearRegression\n",
    "from sklearn.linear_model import Ridge\n",
    "from sklearn.linear_model import Lasso\n",
    "from scipy import stats\n",
    "\n",
    "# OLS회귀분석\n",
    "import statsmodels.api as sm\n",
    "\n",
    "# GAM 일반화가법모형\n",
    "# LinearGAM, LogisticGAM, PoissonGAM, GammaGAM, InvGuss\n",
    "from pygam import LinearGAM, LogisticGAM, PoissonGAM, GammaGAM\n",
    "\n",
    "# Boosting\n",
    "\n",
    "#데이터셋 분리\n",
    "from sklearn.model_selection import train_test_split\n",
    "\n",
    "\n",
    "\n",
    "# 한글 처리\n",
    "font_name = font_manager.FontProperties(fname='C:/Windows/Fonts/NanumGothicCoding.ttf').get_name()\n",
    "rc('font',family=font_name)\n",
    "\n",
    "# - 마이너스 사인 처리\n",
    "matplotlib.rcParams['axes.unicode_minus'] = False\n",
    "\n",
    "# jupyter notebook에서 warning 무시하기\n",
    "import warnings\n",
    "warnings.filterwarnings(\"ignore\")"
   ]
  },
  {
   "cell_type": "code",
   "execution_count": 2,
   "metadata": {},
   "outputs": [],
   "source": [
    "# 데이터 불러오기 (전처리 된 GS, 랄라블라, sns전체 데이터)\n",
    "gs = pd.read_csv('d:/project/contest/data/processed/p_gs.csv', parse_dates=['date'])\n",
    "lv = pd.read_csv('d:/project/contest/data/processed/p_lavla.csv', parse_dates=['date'])\n",
    "social_all = pd.read_csv('D:/project/contest/data/processed/social_all.csv', parse_dates=['date'])\n",
    "\n",
    "# 전처리 및 서울시로 통합된 날씨 데이터 불러오기\n",
    "w_all_seoul = pd.read_csv('D:/project/contest/data/processed/p_wUVair_seoul.csv', index_col=[0], parse_dates=['date'])"
   ]
  },
  {
   "cell_type": "code",
   "execution_count": 3,
   "metadata": {},
   "outputs": [],
   "source": [
    "gs_seoul = gs.loc[gs['pvn_nm']=='서울특별시']\n",
    "lv_seoul = lv.loc[lv['pvn_nm']=='서울특별시']\n",
    "# gs/lv데이터와 겹치는 columns=['year', 'month', 'day', 'nth_week','weekday'] 제거 \n",
    "w_all_seoul = w_all_seoul.drop(columns=['year', 'month', 'day', 'nth_week','weekday'])"
   ]
  },
  {
   "cell_type": "code",
   "execution_count": 4,
   "metadata": {},
   "outputs": [
    {
     "name": "stdout",
     "output_type": "stream",
     "text": [
      "Wall time: 681 ms\n",
      "Wall time: 248 ms\n"
     ]
    }
   ],
   "source": [
    "# 소셜데이터 합치기\n",
    "%time ds_gs_seoul = gs_seoul.merge(social_all, on='date',how='left')\n",
    "%time ds_lv_seoul = lv_seoul.merge(social_all, on='date',how='left')"
   ]
  },
  {
   "cell_type": "markdown",
   "metadata": {},
   "source": [
    "## 분석시작"
   ]
  },
  {
   "cell_type": "code",
   "execution_count": 5,
   "metadata": {},
   "outputs": [
    {
     "name": "stdout",
     "output_type": "stream",
     "text": [
      "gs/lv 컬럼들\n",
      "['pvn_nm', 'bor_nm', 'sale_dt', 'gender', 'age_cd', 'category', 'qty', 'year', 'month', 'day', 'date', 'weekday', 'nth_week', 'pm_blog', 'pm_twitter', 'pm_news', 'pm_total', 'health_blog', 'health_twitter', 'health_news', 'health_total', 'date_blog', 'date_twitter', 'date_news', 'date_total', 'br_blog', 'br_twitter', 'br_news', 'br_total', 'hobby_blog', 'hobby_twitter', 'hobby_news', 'hobby_total']\n",
      "['pvn_nm', 'bor_nm', 'sale_dt', 'gender', 'age_cd', 'category', 'qty', 'year', 'month', 'day', 'date', 'weekday', 'nth_week', 'pm_blog', 'pm_twitter', 'pm_news', 'pm_total', 'health_blog', 'health_twitter', 'health_news', 'health_total', 'date_blog', 'date_twitter', 'date_news', 'date_total', 'br_blog', 'br_twitter', 'br_news', 'br_total', 'hobby_blog', 'hobby_twitter', 'hobby_news', 'hobby_total']\n",
      " \n",
      "날씨 데이터 컬럼들\n",
      "['loc', 'date', 'temp', 'rain', 'cloud', 'wind', 'humid', 'hpa', 'sun_time', 'lgt_time', 'snow', 'uv', 'SO2', 'CO', 'O3', 'NO2', 'PM10', 'PM25', 'rain_or_not', 'snow_or_not']\n"
     ]
    }
   ],
   "source": [
    "print('gs/lv 컬럼들')\n",
    "print(list(ds_gs_seoul.columns)) # 33개 컬럼\n",
    "print(list(ds_lv_seoul.columns)) # 33개 컬럼\n",
    "\n",
    "print(' ')\n",
    "print('날씨 데이터 컬럼들')\n",
    "print(list(w_all_seoul.columns)) # 18개 컬럼"
   ]
  },
  {
   "cell_type": "markdown",
   "metadata": {},
   "source": [
    "### 필요없는 열(columns)제거"
   ]
  },
  {
   "cell_type": "code",
   "execution_count": 6,
   "metadata": {},
   "outputs": [],
   "source": [
    "# eliminating unnecessary columns\n",
    "# 'loc', 'pvn_nm' : 이미 서울로 추렸으니 필요없다.\n",
    "# 'sale_dt' : 'date' 컬럼이 있으니 필요없다.\n",
    "ds_gs_seoul=ds_gs_seoul.drop(columns=['pvn_nm','sale_dt'])\n",
    "ds_lv_seoul=ds_lv_seoul.drop(columns=['pvn_nm','sale_dt'])\n",
    "w_all_seoul=w_all_seoul.drop(columns=['loc'])"
   ]
  },
  {
   "cell_type": "markdown",
   "metadata": {},
   "source": [
    "### 2016년"
   ]
  },
  {
   "cell_type": "code",
   "execution_count": 7,
   "metadata": {},
   "outputs": [
    {
     "name": "stdout",
     "output_type": "stream",
     "text": [
      "['립컬러', '립케어', '마스크팩', '바디로션', '체중조절', '크림로션', '훼이셜클렌저', '선케어', '네일', '제모제']\n",
      "['라면', '과자', '마스크', '맥주', '생리대', '생수', '숙취해소제', '스타킹', '아이스크림', '탄산음료', '면도기', '우산']\n"
     ]
    }
   ],
   "source": [
    "print(list(ds_lv_seoul['category'].unique()))\n",
    "print(list(ds_gs_seoul['category'].unique()))"
   ]
  },
  {
   "cell_type": "code",
   "execution_count": 8,
   "metadata": {},
   "outputs": [
    {
     "data": {
      "text/html": [
       "<div>\n",
       "<style scoped>\n",
       "    .dataframe tbody tr th:only-of-type {\n",
       "        vertical-align: middle;\n",
       "    }\n",
       "\n",
       "    .dataframe tbody tr th {\n",
       "        vertical-align: top;\n",
       "    }\n",
       "\n",
       "    .dataframe thead th {\n",
       "        text-align: right;\n",
       "    }\n",
       "</style>\n",
       "<table border=\"1\" class=\"dataframe\">\n",
       "  <thead>\n",
       "    <tr style=\"text-align: right;\">\n",
       "      <th></th>\n",
       "      <th>nth_week</th>\n",
       "      <th>temp</th>\n",
       "      <th>rain</th>\n",
       "      <th>cloud</th>\n",
       "      <th>wind</th>\n",
       "      <th>humid</th>\n",
       "      <th>hpa</th>\n",
       "      <th>sun_time</th>\n",
       "      <th>lgt_time</th>\n",
       "      <th>snow</th>\n",
       "      <th>uv</th>\n",
       "      <th>SO2</th>\n",
       "      <th>CO</th>\n",
       "      <th>O3</th>\n",
       "      <th>NO2</th>\n",
       "      <th>PM10</th>\n",
       "      <th>PM25</th>\n",
       "    </tr>\n",
       "  </thead>\n",
       "  <tbody>\n",
       "    <tr>\n",
       "      <th>nth_week</th>\n",
       "      <td>1.000000</td>\n",
       "      <td>0.200596</td>\n",
       "      <td>0.045672</td>\n",
       "      <td>0.265666</td>\n",
       "      <td>-0.703893</td>\n",
       "      <td>0.367013</td>\n",
       "      <td>0.033554</td>\n",
       "      <td>-0.190713</td>\n",
       "      <td>-0.395080</td>\n",
       "      <td>-0.060565</td>\n",
       "      <td>-0.342392</td>\n",
       "      <td>-0.432618</td>\n",
       "      <td>0.049780</td>\n",
       "      <td>-0.312111</td>\n",
       "      <td>-0.106101</td>\n",
       "      <td>-0.331082</td>\n",
       "      <td>-0.258778</td>\n",
       "    </tr>\n",
       "    <tr>\n",
       "      <th>temp</th>\n",
       "      <td>0.200596</td>\n",
       "      <td>1.000000</td>\n",
       "      <td>0.504937</td>\n",
       "      <td>0.579317</td>\n",
       "      <td>-0.376377</td>\n",
       "      <td>0.663742</td>\n",
       "      <td>-0.927305</td>\n",
       "      <td>0.863848</td>\n",
       "      <td>0.218751</td>\n",
       "      <td>-0.552929</td>\n",
       "      <td>0.873245</td>\n",
       "      <td>-0.769750</td>\n",
       "      <td>-0.830682</td>\n",
       "      <td>0.715418</td>\n",
       "      <td>-0.718025</td>\n",
       "      <td>-0.523283</td>\n",
       "      <td>-0.508741</td>\n",
       "    </tr>\n",
       "    <tr>\n",
       "      <th>rain</th>\n",
       "      <td>0.045672</td>\n",
       "      <td>0.504937</td>\n",
       "      <td>1.000000</td>\n",
       "      <td>0.715000</td>\n",
       "      <td>-0.166607</td>\n",
       "      <td>0.649068</td>\n",
       "      <td>-0.546646</td>\n",
       "      <td>0.524197</td>\n",
       "      <td>-0.327274</td>\n",
       "      <td>-0.210015</td>\n",
       "      <td>0.325492</td>\n",
       "      <td>-0.407897</td>\n",
       "      <td>-0.463616</td>\n",
       "      <td>0.276054</td>\n",
       "      <td>-0.462457</td>\n",
       "      <td>-0.377414</td>\n",
       "      <td>-0.334213</td>\n",
       "    </tr>\n",
       "    <tr>\n",
       "      <th>cloud</th>\n",
       "      <td>0.265666</td>\n",
       "      <td>0.579317</td>\n",
       "      <td>0.715000</td>\n",
       "      <td>1.000000</td>\n",
       "      <td>-0.318209</td>\n",
       "      <td>0.899852</td>\n",
       "      <td>-0.563098</td>\n",
       "      <td>0.463095</td>\n",
       "      <td>-0.555020</td>\n",
       "      <td>-0.238386</td>\n",
       "      <td>0.357635</td>\n",
       "      <td>-0.400810</td>\n",
       "      <td>-0.344054</td>\n",
       "      <td>0.200094</td>\n",
       "      <td>-0.421729</td>\n",
       "      <td>-0.303070</td>\n",
       "      <td>-0.201549</td>\n",
       "    </tr>\n",
       "    <tr>\n",
       "      <th>wind</th>\n",
       "      <td>-0.703893</td>\n",
       "      <td>-0.376377</td>\n",
       "      <td>-0.166607</td>\n",
       "      <td>-0.318209</td>\n",
       "      <td>1.000000</td>\n",
       "      <td>-0.488888</td>\n",
       "      <td>0.123054</td>\n",
       "      <td>-0.020804</td>\n",
       "      <td>0.285000</td>\n",
       "      <td>0.156944</td>\n",
       "      <td>0.075022</td>\n",
       "      <td>0.385076</td>\n",
       "      <td>0.005951</td>\n",
       "      <td>0.189532</td>\n",
       "      <td>0.057982</td>\n",
       "      <td>0.326448</td>\n",
       "      <td>0.148892</td>\n",
       "    </tr>\n",
       "    <tr>\n",
       "      <th>humid</th>\n",
       "      <td>0.367013</td>\n",
       "      <td>0.663742</td>\n",
       "      <td>0.649068</td>\n",
       "      <td>0.899852</td>\n",
       "      <td>-0.488888</td>\n",
       "      <td>1.000000</td>\n",
       "      <td>-0.599008</td>\n",
       "      <td>0.455695</td>\n",
       "      <td>-0.477006</td>\n",
       "      <td>-0.284450</td>\n",
       "      <td>0.432116</td>\n",
       "      <td>-0.482257</td>\n",
       "      <td>-0.364268</td>\n",
       "      <td>0.181149</td>\n",
       "      <td>-0.477337</td>\n",
       "      <td>-0.411374</td>\n",
       "      <td>-0.264750</td>\n",
       "    </tr>\n",
       "    <tr>\n",
       "      <th>hpa</th>\n",
       "      <td>0.033554</td>\n",
       "      <td>-0.927305</td>\n",
       "      <td>-0.546646</td>\n",
       "      <td>-0.563098</td>\n",
       "      <td>0.123054</td>\n",
       "      <td>-0.599008</td>\n",
       "      <td>1.000000</td>\n",
       "      <td>-0.933460</td>\n",
       "      <td>-0.257550</td>\n",
       "      <td>0.488368</td>\n",
       "      <td>-0.931300</td>\n",
       "      <td>0.635820</td>\n",
       "      <td>0.829507</td>\n",
       "      <td>-0.812918</td>\n",
       "      <td>0.706970</td>\n",
       "      <td>0.413863</td>\n",
       "      <td>0.428510</td>\n",
       "    </tr>\n",
       "    <tr>\n",
       "      <th>sun_time</th>\n",
       "      <td>-0.190713</td>\n",
       "      <td>0.863848</td>\n",
       "      <td>0.524197</td>\n",
       "      <td>0.463095</td>\n",
       "      <td>-0.020804</td>\n",
       "      <td>0.455695</td>\n",
       "      <td>-0.933460</td>\n",
       "      <td>1.000000</td>\n",
       "      <td>0.409057</td>\n",
       "      <td>-0.488420</td>\n",
       "      <td>0.954119</td>\n",
       "      <td>-0.508473</td>\n",
       "      <td>-0.815811</td>\n",
       "      <td>0.912717</td>\n",
       "      <td>-0.599450</td>\n",
       "      <td>-0.255162</td>\n",
       "      <td>-0.302875</td>\n",
       "    </tr>\n",
       "    <tr>\n",
       "      <th>lgt_time</th>\n",
       "      <td>-0.395080</td>\n",
       "      <td>0.218751</td>\n",
       "      <td>-0.327274</td>\n",
       "      <td>-0.555020</td>\n",
       "      <td>0.285000</td>\n",
       "      <td>-0.477006</td>\n",
       "      <td>-0.257550</td>\n",
       "      <td>0.409057</td>\n",
       "      <td>1.000000</td>\n",
       "      <td>-0.164527</td>\n",
       "      <td>0.348090</td>\n",
       "      <td>-0.088115</td>\n",
       "      <td>-0.377873</td>\n",
       "      <td>0.639221</td>\n",
       "      <td>-0.108200</td>\n",
       "      <td>0.088635</td>\n",
       "      <td>-0.048728</td>\n",
       "    </tr>\n",
       "    <tr>\n",
       "      <th>snow</th>\n",
       "      <td>-0.060565</td>\n",
       "      <td>-0.552929</td>\n",
       "      <td>-0.210015</td>\n",
       "      <td>-0.238386</td>\n",
       "      <td>0.156944</td>\n",
       "      <td>-0.284450</td>\n",
       "      <td>0.488368</td>\n",
       "      <td>-0.488420</td>\n",
       "      <td>-0.164527</td>\n",
       "      <td>1.000000</td>\n",
       "      <td>-0.316345</td>\n",
       "      <td>0.360113</td>\n",
       "      <td>0.436458</td>\n",
       "      <td>-0.457120</td>\n",
       "      <td>0.271009</td>\n",
       "      <td>0.161905</td>\n",
       "      <td>0.262829</td>\n",
       "    </tr>\n",
       "    <tr>\n",
       "      <th>uv</th>\n",
       "      <td>-0.342392</td>\n",
       "      <td>0.873245</td>\n",
       "      <td>0.325492</td>\n",
       "      <td>0.357635</td>\n",
       "      <td>0.075022</td>\n",
       "      <td>0.432116</td>\n",
       "      <td>-0.931300</td>\n",
       "      <td>0.954119</td>\n",
       "      <td>0.348090</td>\n",
       "      <td>-0.316345</td>\n",
       "      <td>1.000000</td>\n",
       "      <td>-0.304705</td>\n",
       "      <td>-0.815812</td>\n",
       "      <td>0.832727</td>\n",
       "      <td>-0.619878</td>\n",
       "      <td>-0.254764</td>\n",
       "      <td>-0.205360</td>\n",
       "    </tr>\n",
       "    <tr>\n",
       "      <th>SO2</th>\n",
       "      <td>-0.432618</td>\n",
       "      <td>-0.769750</td>\n",
       "      <td>-0.407897</td>\n",
       "      <td>-0.400810</td>\n",
       "      <td>0.385076</td>\n",
       "      <td>-0.482257</td>\n",
       "      <td>0.635820</td>\n",
       "      <td>-0.508473</td>\n",
       "      <td>-0.088115</td>\n",
       "      <td>0.360113</td>\n",
       "      <td>-0.304705</td>\n",
       "      <td>1.000000</td>\n",
       "      <td>0.812446</td>\n",
       "      <td>-0.382604</td>\n",
       "      <td>0.828153</td>\n",
       "      <td>0.784296</td>\n",
       "      <td>0.837575</td>\n",
       "    </tr>\n",
       "    <tr>\n",
       "      <th>CO</th>\n",
       "      <td>0.049780</td>\n",
       "      <td>-0.830682</td>\n",
       "      <td>-0.463616</td>\n",
       "      <td>-0.344054</td>\n",
       "      <td>0.005951</td>\n",
       "      <td>-0.364268</td>\n",
       "      <td>0.829507</td>\n",
       "      <td>-0.815811</td>\n",
       "      <td>-0.377873</td>\n",
       "      <td>0.436458</td>\n",
       "      <td>-0.815812</td>\n",
       "      <td>0.812446</td>\n",
       "      <td>1.000000</td>\n",
       "      <td>-0.733338</td>\n",
       "      <td>0.887872</td>\n",
       "      <td>0.656698</td>\n",
       "      <td>0.732484</td>\n",
       "    </tr>\n",
       "    <tr>\n",
       "      <th>O3</th>\n",
       "      <td>-0.312111</td>\n",
       "      <td>0.715418</td>\n",
       "      <td>0.276054</td>\n",
       "      <td>0.200094</td>\n",
       "      <td>0.189532</td>\n",
       "      <td>0.181149</td>\n",
       "      <td>-0.812918</td>\n",
       "      <td>0.912717</td>\n",
       "      <td>0.639221</td>\n",
       "      <td>-0.457120</td>\n",
       "      <td>0.832727</td>\n",
       "      <td>-0.382604</td>\n",
       "      <td>-0.733338</td>\n",
       "      <td>1.000000</td>\n",
       "      <td>-0.475937</td>\n",
       "      <td>-0.072009</td>\n",
       "      <td>-0.188063</td>\n",
       "    </tr>\n",
       "    <tr>\n",
       "      <th>NO2</th>\n",
       "      <td>-0.106101</td>\n",
       "      <td>-0.718025</td>\n",
       "      <td>-0.462457</td>\n",
       "      <td>-0.421729</td>\n",
       "      <td>0.057982</td>\n",
       "      <td>-0.477337</td>\n",
       "      <td>0.706970</td>\n",
       "      <td>-0.599450</td>\n",
       "      <td>-0.108200</td>\n",
       "      <td>0.271009</td>\n",
       "      <td>-0.619878</td>\n",
       "      <td>0.828153</td>\n",
       "      <td>0.887872</td>\n",
       "      <td>-0.475937</td>\n",
       "      <td>1.000000</td>\n",
       "      <td>0.824863</td>\n",
       "      <td>0.825647</td>\n",
       "    </tr>\n",
       "    <tr>\n",
       "      <th>PM10</th>\n",
       "      <td>-0.331082</td>\n",
       "      <td>-0.523283</td>\n",
       "      <td>-0.377414</td>\n",
       "      <td>-0.303070</td>\n",
       "      <td>0.326448</td>\n",
       "      <td>-0.411374</td>\n",
       "      <td>0.413863</td>\n",
       "      <td>-0.255162</td>\n",
       "      <td>0.088635</td>\n",
       "      <td>0.161905</td>\n",
       "      <td>-0.254764</td>\n",
       "      <td>0.784296</td>\n",
       "      <td>0.656698</td>\n",
       "      <td>-0.072009</td>\n",
       "      <td>0.824863</td>\n",
       "      <td>1.000000</td>\n",
       "      <td>0.889159</td>\n",
       "    </tr>\n",
       "    <tr>\n",
       "      <th>PM25</th>\n",
       "      <td>-0.258778</td>\n",
       "      <td>-0.508741</td>\n",
       "      <td>-0.334213</td>\n",
       "      <td>-0.201549</td>\n",
       "      <td>0.148892</td>\n",
       "      <td>-0.264750</td>\n",
       "      <td>0.428510</td>\n",
       "      <td>-0.302875</td>\n",
       "      <td>-0.048728</td>\n",
       "      <td>0.262829</td>\n",
       "      <td>-0.205360</td>\n",
       "      <td>0.837575</td>\n",
       "      <td>0.732484</td>\n",
       "      <td>-0.188063</td>\n",
       "      <td>0.825647</td>\n",
       "      <td>0.889159</td>\n",
       "      <td>1.000000</td>\n",
       "    </tr>\n",
       "  </tbody>\n",
       "</table>\n",
       "</div>"
      ],
      "text/plain": [
       "          nth_week      temp      rain     cloud      wind     humid  \\\n",
       "nth_week  1.000000  0.200596  0.045672  0.265666 -0.703893  0.367013   \n",
       "temp      0.200596  1.000000  0.504937  0.579317 -0.376377  0.663742   \n",
       "rain      0.045672  0.504937  1.000000  0.715000 -0.166607  0.649068   \n",
       "cloud     0.265666  0.579317  0.715000  1.000000 -0.318209  0.899852   \n",
       "wind     -0.703893 -0.376377 -0.166607 -0.318209  1.000000 -0.488888   \n",
       "humid     0.367013  0.663742  0.649068  0.899852 -0.488888  1.000000   \n",
       "hpa       0.033554 -0.927305 -0.546646 -0.563098  0.123054 -0.599008   \n",
       "sun_time -0.190713  0.863848  0.524197  0.463095 -0.020804  0.455695   \n",
       "lgt_time -0.395080  0.218751 -0.327274 -0.555020  0.285000 -0.477006   \n",
       "snow     -0.060565 -0.552929 -0.210015 -0.238386  0.156944 -0.284450   \n",
       "uv       -0.342392  0.873245  0.325492  0.357635  0.075022  0.432116   \n",
       "SO2      -0.432618 -0.769750 -0.407897 -0.400810  0.385076 -0.482257   \n",
       "CO        0.049780 -0.830682 -0.463616 -0.344054  0.005951 -0.364268   \n",
       "O3       -0.312111  0.715418  0.276054  0.200094  0.189532  0.181149   \n",
       "NO2      -0.106101 -0.718025 -0.462457 -0.421729  0.057982 -0.477337   \n",
       "PM10     -0.331082 -0.523283 -0.377414 -0.303070  0.326448 -0.411374   \n",
       "PM25     -0.258778 -0.508741 -0.334213 -0.201549  0.148892 -0.264750   \n",
       "\n",
       "               hpa  sun_time  lgt_time      snow        uv       SO2  \\\n",
       "nth_week  0.033554 -0.190713 -0.395080 -0.060565 -0.342392 -0.432618   \n",
       "temp     -0.927305  0.863848  0.218751 -0.552929  0.873245 -0.769750   \n",
       "rain     -0.546646  0.524197 -0.327274 -0.210015  0.325492 -0.407897   \n",
       "cloud    -0.563098  0.463095 -0.555020 -0.238386  0.357635 -0.400810   \n",
       "wind      0.123054 -0.020804  0.285000  0.156944  0.075022  0.385076   \n",
       "humid    -0.599008  0.455695 -0.477006 -0.284450  0.432116 -0.482257   \n",
       "hpa       1.000000 -0.933460 -0.257550  0.488368 -0.931300  0.635820   \n",
       "sun_time -0.933460  1.000000  0.409057 -0.488420  0.954119 -0.508473   \n",
       "lgt_time -0.257550  0.409057  1.000000 -0.164527  0.348090 -0.088115   \n",
       "snow      0.488368 -0.488420 -0.164527  1.000000 -0.316345  0.360113   \n",
       "uv       -0.931300  0.954119  0.348090 -0.316345  1.000000 -0.304705   \n",
       "SO2       0.635820 -0.508473 -0.088115  0.360113 -0.304705  1.000000   \n",
       "CO        0.829507 -0.815811 -0.377873  0.436458 -0.815812  0.812446   \n",
       "O3       -0.812918  0.912717  0.639221 -0.457120  0.832727 -0.382604   \n",
       "NO2       0.706970 -0.599450 -0.108200  0.271009 -0.619878  0.828153   \n",
       "PM10      0.413863 -0.255162  0.088635  0.161905 -0.254764  0.784296   \n",
       "PM25      0.428510 -0.302875 -0.048728  0.262829 -0.205360  0.837575   \n",
       "\n",
       "                CO        O3       NO2      PM10      PM25  \n",
       "nth_week  0.049780 -0.312111 -0.106101 -0.331082 -0.258778  \n",
       "temp     -0.830682  0.715418 -0.718025 -0.523283 -0.508741  \n",
       "rain     -0.463616  0.276054 -0.462457 -0.377414 -0.334213  \n",
       "cloud    -0.344054  0.200094 -0.421729 -0.303070 -0.201549  \n",
       "wind      0.005951  0.189532  0.057982  0.326448  0.148892  \n",
       "humid    -0.364268  0.181149 -0.477337 -0.411374 -0.264750  \n",
       "hpa       0.829507 -0.812918  0.706970  0.413863  0.428510  \n",
       "sun_time -0.815811  0.912717 -0.599450 -0.255162 -0.302875  \n",
       "lgt_time -0.377873  0.639221 -0.108200  0.088635 -0.048728  \n",
       "snow      0.436458 -0.457120  0.271009  0.161905  0.262829  \n",
       "uv       -0.815812  0.832727 -0.619878 -0.254764 -0.205360  \n",
       "SO2       0.812446 -0.382604  0.828153  0.784296  0.837575  \n",
       "CO        1.000000 -0.733338  0.887872  0.656698  0.732484  \n",
       "O3       -0.733338  1.000000 -0.475937 -0.072009 -0.188063  \n",
       "NO2       0.887872 -0.475937  1.000000  0.824863  0.825647  \n",
       "PM10      0.656698 -0.072009  0.824863  1.000000  0.889159  \n",
       "PM25      0.732484 -0.188063  0.825647  0.889159  1.000000  "
      ]
     },
     "execution_count": 8,
     "metadata": {},
     "output_type": "execute_result"
    }
   ],
   "source": [
    "dfl1 = ds_lv_seoul.loc[ds_lv_seoul['year']==2016\n",
    "                      ,['date','bor_nm','gender','age_cd','category','qty','year','month','nth_week','weekday']]\n",
    "dfw1 = w_all_seoul.loc[ds_lv_seoul['date'].dt.year==2016]\n",
    "\n",
    "dfl1_month = dfl1[['month','category','qty']].groupby(by=['month','category']).sum().reset_index()\n",
    "# dfl1_month.head(2)\n",
    "dfl1_week = dfl1[['nth_week','category','qty']].groupby(by=['nth_week','category']).sum().reset_index()\n",
    "# dfl1_week.head(2)\n",
    "dfw1['nth_week'] = dfw1['date'].dt.week\n",
    "dfw1_week = dfw1[['nth_week','temp', 'rain', 'cloud', 'wind', 'humid', 'hpa', 'sun_time', 'lgt_time', 'snow', 'uv'\n",
    "                  ,'SO2', 'CO', 'O3', 'NO2', 'PM10', 'PM25']].groupby(by=['nth_week']).mean().reset_index()\n",
    "\n",
    "# dfw1_week.head()\n",
    "dfw1_week.corr()"
   ]
  },
  {
   "cell_type": "code",
   "execution_count": 9,
   "metadata": {},
   "outputs": [],
   "source": [
    "import missingno as msno"
   ]
  },
  {
   "cell_type": "code",
   "execution_count": 10,
   "metadata": {},
   "outputs": [
    {
     "data": {
      "text/plain": [
       "[Text(0.5, 0, 'nth_week'),\n",
       " Text(1.5, 0, 'temp'),\n",
       " Text(2.5, 0, 'rain'),\n",
       " Text(3.5, 0, 'cloud'),\n",
       " Text(4.5, 0, 'wind'),\n",
       " Text(5.5, 0, 'humid'),\n",
       " Text(6.5, 0, 'hpa'),\n",
       " Text(7.5, 0, 'sun_time'),\n",
       " Text(8.5, 0, 'lgt_time'),\n",
       " Text(9.5, 0, 'snow'),\n",
       " Text(10.5, 0, 'uv'),\n",
       " Text(11.5, 0, 'SO2'),\n",
       " Text(12.5, 0, 'CO'),\n",
       " Text(13.5, 0, 'O3'),\n",
       " Text(14.5, 0, 'NO2'),\n",
       " Text(15.5, 0, 'PM10'),\n",
       " Text(16.5, 0, 'PM25')]"
      ]
     },
     "execution_count": 10,
     "metadata": {},
     "output_type": "execute_result"
    },
    {
     "data": {
